     0
     0
     0
     0

     0
     0
     0
     0

     0
     0
     0
     0

     0
     0
     0
     0

     0
     0
     0
     0

     0
     0
     0
     0

     0
     0
     0
     0

     0
     0
     0
     0

     x
     x
     x
     x

     x
     x
     x
     x

     0
     0
     0
     0

     0
     0
     0
     0

     0
     0
     0
     0

     0
     0
     0
     0

     0
     0
     0
     0

  2045
  2048
 -2045
 -2048

 -2048
  2047
  2048
 -2047

  2048
 -2049
 -2048
  2049

 -2049
 -2048
  2049
  2048

     0
     0
     0
     0

     0
     0
     0
     0

     0
     0
     0
     0

     0
     0
     0
     0

  2045
  2048
 -2045
 -2048

 -2048
  2047
  2048
 -2047

  2048
 -2049
 -2048
  2049

 -2049
 -2048
  2049
  2048

     0
     0
     0
     0

     0
     0
     0
     0

     0
     0
     0
     0

     0
     0
     0
     0

  2045
  2048
 -2045
 -2048

 -2048
  2047
  2048
 -2047

  2048
 -2049
 -2048
  2049

 -2049
 -2048
  2049
  2048

     0
     0
     0
     0

     0
     0
     0
     0

     0
     0
     0
     0

     0
     0
     0
     0

  2045
  2048
 -2045
 -2048

 -2048
  2047
  2048
 -2047

  2048
 -2049
 -2048
  2049

 -2049
 -2048
  2049
  2048

     0
     0
     0
     0

     0
     0
     0
     0

