0
-10
330
166

-18
126
-325
23

463
231
161
-89

-6
521
-305
128

0
-22
-112
60

86
-340
-154
-249

-155
143
202
21

488
118
428
-18

-256
-160
-132
-294

-255
482
272
-28

-80
-5
161
322

426
-167
70
57

0
-228
349
-128

184
9
280
-362

26
-315
-451
300

113
-391
242
82



192
-244
34
-202

480
359
-25
-337

-19
-529
113
248

-174
-373
31
459

-256
234
-113
-359

312
-238
18
-145

199
-37
-321
163

-147
-203
-3
108

64
172
182
-73

-572
-11
-123
104

-110
-97
73
62

83
-94
323
-268

0
-224
-104
-97

-222
105
128
-77

-72
209
133
-258

236
-61
-352
-361


-320
-15
377
369

269
261
267
-196

64
124
466
-50

162
-38
-267
338

192
66
230
-219

-240
311
-392
-325

282
135
290
41

72
113
-351
193

-192
-329
343
648

130
-335
304
-234

64
-217
-94
-194

-744
229
-318
-115

-192
-322
253
329

95
221
0
-122

101
-170
179
-204

251
-43
753
-267

0
0
0
0
0
0
0
0
0
0
0
0
0
0
0
0
0
0
0
0
0
0
0
0
0
0
0
0
0
0
0
0
0
0
0
0
0
0
0
0
0
0
0
0
0
0
0
0
0
0
0
0
0
0
0
0
0
0
0
0
0
0
0
0
