64
-732
-92
9

-95
-43
-363
-154

-91
-551
-124
-51

312
312
227
81

192
-214
-538
631

-74
252
129
-58

-38
29
378
367

-127
-207
118
-64

64
161
244
-174

3
-60
-284
-35

90
-265
80
-176

214
-147
-261
-263

448
-647
-159
-523

163
314
-539
-33

-219
104
207
276

110
-360
-55
161


256
-267
291
-325

-46
27
149
-413

71
-108
367
-14

175
6
216
399

448
481
-332
-70

-109
55
10
193

-366
-163
-130
-444

-13
-157
-47
-193

-512
45
-241
-197

113
-108
97
-295

-200
0
143
-312

224
457
-40
-134

64
212
-188
-450

-729
-173
-1
252

-275
-204
599
-664

-131
-111
125
611


128
28
-157
296

148
-52
-231
243

-166
280
229
-344

-159
192
-180
-167

-128
39
293
-80

-40
-40
-14
141

181
175
-89
-51

99
-122
330
69

0
342
104
-12

-186
-38
-31
-85

-347
246
441
393

-61
-58
530
-224

0
-253
-167
-383

-179
147
-12
331

-182
-348
-147
689

-138
478
118
201

0
0
0
0
0
0
0
0
0
0
0
0
0
0
0
0
0
0
0
0
0
0
0
0
0
0
0
0
0
0
0
0
0
0
0
0
0
0
0
0
0
0
0
0
0
0
0
0
0
0
0
0
0
0
0
0
0
0
0
0
0
0
0
0
