-7095
-7457
-7754
-7988
-8157
-8262
-8304
-8281
-8192
-8280
-8303
-8262
-8157
-7988
-7755
-7458
-7095
-6885
-6627
-6323
-5971
-5574
-5129
-4638
-4096
-3645
-3176
-2690
-2187
-1667
-1129
-575
-1
571
1125
1663
2184
2687
3173
3642
4096
4634
5126
5571
5969
6320
6625
6882
7094
7455
7752
7985
8155
8260
8301
8278
8192
8278
8301
8260
8155
7985
7752
7455
7094
6883
6625
6320
5969
5570
5126
4633
4096
3643
3174
2687
2184
1662
1124
568
-1
-574
-1129
-1667
-2188
-2692
-3178
-3648
-4097
-4636
-5129
-5574
-5972
-6324
-6629
-6888
-7095
-7457
-7754
-7988
-8157
-8263
-8304
-8282
-8192
-8280
-8303
-8262
-8157
-7988
-7755
-7458
-7095
-6885
-6627
-6323
-5971
-5574
-5129
-4638
-4096
-3645
-3176
-2690
-2187
-1668
-1130
-576
-1
570
1125
1662
2183
2685
3172
3640
4095
4633
5125
5570
5968
6319
6624
6881
7094
7455
7752
7985
8154
8259
8300
8277
8192
8278
8301
8260
8155
7985
7752
7455
7094
6883
6625
6320
5969
5570
5126
4633
4096
3643
3174
2687
2184
1662
1124
568
-1
-574
-1129
-1667
-2188
-2692
-3178
-3648
-4097
-4636
-5129
-5574
-5972
-6324
-6629
-6888
-7095
-7457
-7754
-7988
-8157
-8263
-8304
-8282
-8192
-8280
-8303
-8262
-8157
-7988
-7755
-7458
-7095
-6885
-6627
-6323
-5971
-5574
-5129
-4638
-4096
-3645
-3176
-2690
-2187
-1668
-1130
-576
-1
570
1125
1662
2183
2685
3172
3640
4095
4633
5125
5570
5968
6319
6624
6881
7094
7455
7752
7985
8154
8259
8300
8277
8192
8278
8301
8260
8155
7985
7752
7455
7094
6883
6625
6320
5969
5570
5126
4633
4096
3643
3174
2687
2184
1662
1124
568
-1
-574
-1129
-1667
-2188
-2692
-3178
-3648
-4097
-4636
-5129
-5574
-5972
-6324
-6629
-6888
-7095
-7457
-7754
-7988
-8157
-8263
-8304
-8282
-8192
-8280
-8303
-8262
-8157
-7988
-7755
-7458
-7095
-6885
-6627
-6323
-5971
-5574
-5129
-4638
-4096
-3645
-3176
-2690
-2187
-1668
-1130
-576
-1
570
1125
1662
2183
2685
3172
3640
4095
4633
5125
5570
5968
6319
6624
6881
7094
7455
7752
7985
8154
8259
8300
8277
8192
8278
8301
8260
8155
7985
7752
7455
7094
6883
6625
6320
5969
5571
5126
4634
4096
3644
3174
2688
2185
1664
1126
570
0
-573
-1129
-1667
-2188
-2692
-3178
-3648
-4097
-4636
-5129
-5574
-5972
-6324
-6629
-6888
-7095