    -7095
    -7456
    -7753
    -7986
    -8155
    -8260
    -8301
    -8278
    -8192
    -8279
    -8302
    -8261
    -8156
    -7987
    -7754
    -7457
    -7095
    -6885
    -6627
    -6323
    -5971
    -5572
    -5127
    -4635
    -4096
    -3645
    -3176
    -2690
    -2186
    -1666
    -1129
     -574
       -1
      891
     1767
     2625
     3468
     4291
     5099
     5889
     4096
     4634
     5126
     5571
     5970
     6321
     6625
     6882
     7094
     7455
     7752
     7985
     8155
     8260
     8301
     8278
     8192
     8278
     8301
     8260
     8155
     7985
     7752
     7455
     7094
     6882
     6625
     6321
     5970
     5571
     5126
     4634
     4096
     3655
     3198
     2723
     2232
     1723
     1198
      654
       -1
     -592
    -1165
    -1720
    -2259
    -2781
    -3284
    -3771
    -4097
    -4637
    -5129
    -5574
    -5971
    -6323
    -6627
    -6884
    -7095
    -7457
    -7754
    -7987
    -8156
    -8261
    -8302
    -8279
    -8192
    -8279
    -8302
    -8261
    -8156
    -7987
    -7754
    -7457
    -7095
    -6885
    -6627
    -6323
    -5971
    -5572
    -5127
    -4635
    -4096
    -3645
    -3176
    -2689
    -2186
    -1666
    -1128
     -574
       -1
      570
     1125
     1663
     2184
     2687
     3174
     3643
     4095
     4633
     5125
     5571
     5969
     6320
     6625
     6883
     7094
     7454
     7751
     7985
     8154
     8259
     8301
     8278
     8192
     8278
     8301
     8260
     8155
     7985
     7752
     7455
     7094
     6882
     6625
     6321
     5970
     5571
     5126
     4634
     4096
     3655
     3198
     2723
     2232
     1723
     1198
      654
       -1
     -592
    -1165
    -1720
    -2259
    -2781
    -3284
    -3771
    -4097
    -4637
    -5129
    -5574
    -5971
    -6323
    -6627
    -6884
    -7095
    -7457
    -7754
    -7987
    -8156
    -8261
    -8302
    -8279
    -8192
    -8279
    -8302
    -8261
    -8156
    -7987
    -7754
    -7457
    -7095
    -6885
    -6627
    -6323
    -5971
    -5572
    -5127
    -4635
    -4096
    -3645
    -3176
    -2689
    -2186
    -1666
    -1128
     -574
       -1
      570
     1125
     1663
     2184
     2687
     3174
     3643
     4095
     4633
     5125
     5571
     5969
     6320
     6625
     6883
     7094
     7454
     7751
     7985
     8154
     8259
     8301
     8278
     8192
     8278
     8301
     8260
     8155
     7985
     7752
     7455
     7094
     6882
     6625
     6321
     5970
     5571
     5126
     4634
     4096
     3655
     3198
     2723
     2232
     1723
     1198
      654
       -1
     -592
    -1165
    -1720
    -2259
    -2781
    -3284
    -3771
    -4097
    -4637
    -5129
    -5574
    -5971
    -6323
    -6627
    -6884
    -7095
    -7457
    -7754
    -7987
    -8156
    -8261
    -8302
    -8279
    -8192
    -8279
    -8302
    -8261
    -8156
    -7987
    -7754
    -7457
    -7095
    -6885
    -6627
    -6323
    -5971
    -5572
    -5127
    -4635
    -4096
    -3645
    -3176
    -2689
    -2186
    -1666
    -1128
     -574
       -1
      570
     1125
     1663
     2184
     2687
     3174
     3643
     4095
     4633
     5125
     5571
     5969
     6320
     6625
     6883
     7094
     7454
     7751
     7985
     8154
     8259
     8301
     8278
     8192
     8278
     8301
     8260
     8155
     7985
     7752
     7455
     7094
     6882
     6625
     6320
     5969
     5571
     5125
     4634
     4096
     3643
     3174
     2688
     2185
     1664
     1126
      571
        0
     -573
    -1128
    -1666
    -2186
    -2690
    -3177
    -3646
    -4097
    -4637
    -5129
    -5573
    -5971
    -6323
    -6627
    -6884
    -7095