111000000000000
110010001001001
110000000000000
110010001001001
111000000000000
111111111111111
001000000000000
001101110110110
010000000000000
001101110110110
001000000000000
111111111111111
110111111111111
110010001001001
110000000000000
110010001001001
111000000000000
111111111111111
000111111111111
001101110110110
010000000000000
001101110110110
001000000000000
111111111111111
110111111111111
110010001001001
110000000000000
110010001001001
111000000000000
111111111111111
000111111111111
001101110110110
010000000000000
001101110110110
001000000000000
111111111111111
110111111111111
110010001001001
110000000000000
110010001001001
111000000000000
111111111111111
000111111111111
001101110110110
010000000000000
001101110110110
001000000000000
000000000000000
110111111111111
110010001001001
110000000000000
110010001001001
