1110010001001001
1110001011011111
1110000110110110
1110000011001101
1110000000100100
1101111110111010
1101111110010001
1101111110101000
1110000000000000
1101111110101001
1101111110010010
1101111110111011
1110000000100100
1110000011001101
1110000110110110
1110001011011111
1110010001001001
1110010100011011
1110011000011101
1110011101001110
1110100010101101
1110101000111011
1110101111111001
1110110111100100
1111000000000000
1111000111000011
1111001110011000
1111010101111110
1111011101110110
1111100101111110
1111101110010111
1111110111000010
1111111111111111
0000001000111011
0000010001100110
0000011010000000
0000100010001000
0000101010000000
0000110001100110
0000111000111100
0001000000000000
0001001000011010
0001010000000110
0001010111000011
0001011101010010
0001100010110001
0001100111100001
0001101011100010
0001101110110110
0001110100011111
0001111001001000
0001111100110001
0001111111011011
0010000001000100
0010000001101101
0010000001010110
0010000000000000
0010000001010110
0010000001101101
0010000001000100
0001111111011011
0001111100110001
0001111001001000
0001110100011111
0001101110110110
0001101011100011
0001100111100001
0001100010110001
0001011101010010
0001010111000011
0001010000000110
0001001000011010
0001000000000000
0000111000111011
0000110001100110
0000101010000000
0000100010001000
0000011001111111
0000010001100110
0000001000111010
1111111111111111
1111110111000010
1111101110010111
1111100101111110
1111011101110101
1111010101111101
1111001110010111
1111000111000001
1110111111111111
1110110111100100
1110101111111000
1110101000111011
1110100010101101
1110011101001110
1110011000011110
1110010100011101
1110010001001001
1110001011011111
1110000110110110
1110000011001101
1110000000100100
1101111110111011
1101111110010010
1101111110101001
1110000000000000
1101111110101001
1101111110010010
1101111110111011
1110000000100100
1110000011001101
1110000110110110
1110001011011111
1110010001001001
1110010100011011
1110011000011101
1110011101001110
1110100010101101
1110101000111011
1110101111111001
1110110111100100
1111000000000000
1111000111000011
1111001110011000
1111010101111110
1111011101110110
1111100101111110
1111101110010111
1111110111000001
1111111111111111
0000001000111010
0000010001100101
0000011001111111
0000100010001000
0000101001111111
0000110001100101
0000111000111010
0000111111111111
0001001000011010
0001010000000110
0001010111000011
0001011101010010
0001100010110001
0001100111100010
0001101011100100
0001101110110110
0001110100011111
0001111001001000
0001111100110010
0001111111011011
0010000001000100
0010000001101110
0010000001010111
0010000000000000
0010000001010110
0010000001101101
0010000001000100
0001111111011011
0001111100110001
0001111001001000
0001110100011111
0001101110110110
0001101011100011
0001100111100001
0001100010110001
0001011101010010
0001010111000011
0001010000000110
0001001000011010
0001000000000000
0000111000111011
0000110001100110
0000101010000000
0000100010001000
0000011001111111
0000010001100110
0000001000111010
1111111111111111
1111110111000010
1111101110010111
1111100101111110
1111011101110101
1111010101111101
1111001110010111
1111000111000001
1110111111111111
1110110111100100
1110101111111000
1110101000111011
1110100010101101
1110011101001110
1110011000011110
1110010100011101
1110010001001001
1110001011011111
1110000110110110
1110000011001101
1110000000100100
1101111110111011
1101111110010010
1101111110101001
1110000000000000
1101111110101001
1101111110010010
1101111110111011
1110000000100100
1110000011001101
1110000110110110
1110001011011111
1110010001001001
1110010100011011
1110011000011101
1110011101001110
1110100010101101
1110101000111011
1110101111111001
1110110111100100
1111000000000000
1111000111000011
1111001110011000
1111010101111110
1111011101110110
1111100101111110
1111101110010111
1111110111000001
1111111111111111
0000001000111010
0000010001100101
0000011001111111
0000100010001000
0000101001111111
0000110001100101
0000111000111010
0000111111111111
0001001000011010
0001010000000110
0001010111000011
0001011101010010
0001100010110001
0001100111100010
0001101011100100
0001101110110110
0001110100011111
0001111001001000
0001111100110010
0001111111011011
0010000001000100
0010000001101110
0010000001010111
0010000000000000
0010000001010110
0010000001101101
0010000001000100
0001111111011011
0001111100110001
0001111001001000
0001110100011111
0001101110110110
0001101011100011
0001100111100001
0001100010110001
0001011101010010
0001010111000011
0001010000000110
0001001000011010
0001000000000000
0000111000111011
0000110001100110
0000101010000000
0000100010001000
0000011001111111
0000010001100110
0000001000111010
1111111111111111
1111110111000010
1111101110010111
1111100101111110
1111011101110101
1111010101111101
1111001110010111
1111000111000001
1110111111111111
1110110111100100
1110101111111000
1110101000111011
1110100010101101
1110011101001110
1110011000011110
1110010100011101
1110010001001001
1110001011011111
1110000110110110
1110000011001101
1110000000100100
1101111110111011
1101111110010010
1101111110101001
1110000000000000
1101111110101001
1101111110010010
1101111110111011
1110000000100100
1110000011001101
1110000110110110
1110001011011111
1110010001001001
1110010100011011
1110011000011101
1110011101001110
1110100010101101
1110101000111011
1110101111111001
1110110111100100
1111000000000000
1111000111000011
1111001110011000
1111010101111110
1111011101110110
1111100101111110
1111101110010111
1111110111000001
1111111111111111
0000001000111010
0000010001100101
0000011001111111
0000100010001000
0000101001111111
0000110001100101
0000111000111010
0000111111111111
0001001000011010
0001010000000110
0001010111000011
0001011101010010
0001100010110001
0001100111100010
0001101011100100
0001101110110110
0001110100011111
0001111001001000
0001111100110010
0001111111011011
0010000001000100
0010000001101110
0010000001010111
0010000000000000
0010000001010110
0010000001101101
0010000001000100
0001111111011011
0001111100110001
0001111001001000
0001110100011111
0001101110110110
0001101011100011
0001100111100001
0001100010110001
0001011101010010
0001010111000100
0001010000000110
0001001000011011
0001000000000000
0000111000111100
0000110001100111
0000101010000000
0000100010001001
0000011010000000
0000010001100110
0000001000111100
0000000000000000
1111110111000011
1111101110011000
1111100101111101
1111011101110101
1111010101111101
1111001110010110
1111000111000001
1110111111111111
1110110111100100
1110101111111000
1110101000111011
1110100010101101
1110011101001101
1110011000011101
1110010100011011
1110010001001001
