-7095
-7457
-7754
-7987
-8156
-8262
-8303
-8280
-8192
-8279
-8302
-8261
-8156
-7987
-7754
-7457
-7095
-6885
-6627
-6322
-5971
-5573
-5127
-4636
-4096
-3645
-3176
-2690
-2186
-1666
-1129
-574
-1
571
1126
1664
2184
2688
3174
3644
4096
4634
5126
5571
5970
6321
6625
6882
7094
7455
7752
7985
8155
8260
8301
8278
8192
8278
8301
8260
8155
7985
7752
7455
7094
6883
6625
6321
5970
5571
5126
4634
4096
3643
3174
2688
2184
1663
1126
570
-1
-574
-1129
-1666
-2187
-2691
-3177
-3647
-4097
-4636
-5128
-5573
-5971
-6322
-6626
-6883
-7095
-7457
-7754
-7987
-8156
-8261
-8302
-8279
-8192
-8279
-8302
-8261
-8156
-7987
-7754
-7457
-7095
-6885
-6627
-6322
-5971
-5573
-5127
-4636
-4096
-3645
-3176
-2690
-2186
-1666
-1129
-575
-1
570
1125
1663
2184
2687
3173
3642
4095
4634
5126
5571
5970
6321
6626
6884
7094
7455
7752
7986
8155
8260
8302
8279
8192
8278
8301
8260
8155
7985
7752
7455
7094
6883
6625
6321
5970
5571
5126
4634
4096
3643
3174
2688
2184
1663
1126
570
-1
-574
-1129
-1666
-2187
-2691
-3177
-3647
-4097
-4636
-5128
-5573
-5971
-6322
-6626
-6883
-7095
-7457
-7754
-7987
-8156
-8261
-8302
-8279
-8192
-8279
-8302
-8261
-8156
-7987
-7754
-7457
-7095
-6885
-6627
-6322
-5971
-5573
-5127
-4636
-4096
-3645
-3176
-2690
-2186
-1666
-1129
-575
-1
570
1125
1663
2184
2687
3173
3642
4095
4634
5126
5571
5970
6321
6626
6884
7094
7455
7752
7986
8155
8260
8302
8279
8192
8278
8301
8260
8155
7985
7752
7455
7094
6883
6625
6321
5970
5571
5126
4634
4096
3643
3174
2688
2184
1663
1126
570
-1
-574
-1129
-1666
-2187
-2691
-3177
-3647
-4097
-4636
-5128
-5573
-5971
-6322
-6626
-6883
-7095
-7457
-7754
-7987
-8156
-8261
-8302
-8279
-8192
-8279
-8302
-8261
-8156
-7987
-7754
-7457
-7095
-6885
-6627
-6322
-5971
-5573
-5127
-4636
-4096
-3645
-3176
-2690
-2186
-1666
-1129
-575
-1
570
1125
1663
2184
2687
3173
3642
4095
4634
5126
5571
5970
6321
6626
6884
7094
7455
7752
7986
8155
8260
8302
8279
8192
8278
8301
8260
8155
7985
7752
7455
7094
6883
6625
6321
5970
5572
5126
4635
4096
3644
3175
2688
2185
1664
1126
572
0
-573
-1128
-1667
-2187
-2691
-3178
-3647
-4097
-4636
-5128
-5573
-5971
-6323
-6627
-6885
-7095
