000000100000000000
000000100000000000
000000010111011011
000000001000100101
111111110111011100
111111101000100100
111111100000000000
111111100000000000
111111101000100100
111111110111011011
000000001000100110
000000010111011100
000000011111111111
000000100000000000
000000010111011011
000000001000100100
111111110111011101
111111101000100101
111111011111111111
111111100000000000
111111101000100100
111111110111011011
000000001000100110
000000010111011100
000000011111111111
000000100000000000
000000010111011011
000000001000100100
111111110111011101
111111101000100101
111111011111111111
111111100000000000
111111101000100100
111111110111011011
000000001000100110
000000010111011100
000000011111111111
000000100000000000
000000010111011011
000000001000100100
111111110111011101
111111101000100101
111111011111111111
111111100000000000
111111101000100101
111111110111011010
000000001000100101
000000010111011101
